28.2755E+0	-23.9967E+0	-51.1826E-3	117.7041E-3	434.8415E-3	19.3333E+0
28.4250E+0	-23.0000E+0	7.9585E-3	152.2099E-3	-52.2865E-3	19.3311E+0
28.5750E+0	-22.0000E+0	-3.0414E-3	17.2852E-3	175.9547E-3	19.3254E+0
28.7250E+0	-21.0000E+0	5.3745E-3	25.1011E-3	-214.1159E-3	19.3293E+0
28.8750E+0	-20.0000E+0	60.2109E-3	-56.5848E-3	1.0641E+0	19.3348E+0
29.0250E+0	-19.0000E+0	-3.5226E-3	-28.3748E-3	-124.1467E-3	19.3478E+0
29.1750E+0	-18.0000E+0	18.4098E-3	40.5495E-3	-454.0076E-3	19.3508E+0
29.3250E+0	-17.0000E+0	-68.2760E-3	27.3868E-3	2.4930E+0	19.3667E+0
29.4750E+0	-16.0000E+0	-58.2163E-3	65.2295E-3	892.4845E-3	19.3773E+0
29.6250E+0	-15.0000E+0	112.5054E-3	93.4021E-3	-1.2045E+0	19.3708E+0
29.7750E+0	-14.0000E+0	50.0663E-3	2.1631E-3	-23.1456E+0	19.3773E+0
29.9250E+0	-13.0000E+0	-11.7294E-3	30.5812E-3	383.5485E-3	19.3886E+0
30.0750E+0	-12.0000E+0	70.5445E-3	23.9578E-3	-2.9445E+0	19.3919E+0
30.2250E+0	-11.0000E+0	66.5739E-3	44.8806E-3	-1.4834E+0	19.3973E+0
30.3750E+0	-10.0000E+0	-109.5455E-3	111.9978E-3	978.1039E-3	19.3962E+0
30.5250E+0	-9.0000E+0	55.9006E-3	157.4235E-3	-355.0970E-3	19.3995E+0
30.6750E+0	-8.0000E+0	14.1441E-3	33.2894E-3	-424.8813E-3	19.3918E+0
30.8250E+0	-7.0000E+0	-62.5588E-3	-64.2906E-3	-973.0633E-3	19.3963E+0
30.9750E+0	-6.0000E+0	-16.0267E-3	-68.0689E-3	-235.4480E-3	19.3949E+0
31.1250E+0	-5.0000E+0	9.1118E-3	19.4543E-3	-468.3706E-3	19.3895E+0
31.2750E+0	-4.0000E+0	-108.8343E-3	71.7279E-3	1.5173E+0	19.3754E+0
31.4250E+0	-3.0000E+0	-77.1001E-3	99.4096E-3	775.5806E-3	19.3812E+0
31.5750E+0	-2.0000E+0	-119.3915E-3	128.8854E-3	926.3381E-3	19.3842E+0
31.7250E+0	-1.0000E+0	-27.5972E-3	-30.1730E-3	-914.6331E-3	19.3739E+0
31.8750E+0	0.0000E+0	16.3964E-3	33.3197E-3	-492.0924E-3	19.3696E+0
32.0250E+0	1.0000E+0	-33.5078E-3	37.5036E-3	893.4562E-3	19.3683E+0
32.1750E+0	2.0000E+0	-76.5501E-3	21.6448E-3	3.5366E+0	19.3781E+0
32.3250E+0	3.0000E+0	-92.6262E-3	92.4584E-3	1.0018E+0	19.3749E+0
32.4750E+0	4.0000E+0	-99.7610E-3	31.3784E-3	3.1793E+0	19.3618E+0
32.6250E+0	5.0000E+0	-76.2080E-3	54.1863E-3	1.4064E+0	19.3585E+0
32.7750E+0	6.0000E+0	-24.6750E-3	67.1941E-3	367.2194E-3	19.3599E+0
32.9250E+0	7.0000E+0	51.1922E-3	-18.8197E-3	2.7201E+0	19.3484E+0
33.0750E+0	8.0000E+0	-7.6992E-3	54.2101E-3	142.0249E-3	19.3514E+0
33.2250E+0	9.0000E+0	-5.5158E-3	112.9466E-3	48.8352E-3	19.3590E+0
33.3750E+0	10.0000E+0	-79.3448E-3	99.9317E-3	793.9905E-3	19.3619E+0
33.5250E+0	11.0000E+0	-20.1330E-3	74.3585E-3	270.7559E-3	19.3602E+0
33.6750E+0	12.0000E+0	35.0165E-3	78.5880E-3	-445.5707E-3	19.3532E+0
33.8250E+0	13.0000E+0	64.7571E-3	-25.1394E-3	2.5759E+0	19.3653E+0
33.9750E+0	14.0000E+0	41.7613E-3	95.2534E-3	-438.4235E-3	19.3739E+0
34.1250E+0	15.0000E+0	9.4937E-3	51.6016E-3	-183.9803E-3	19.3786E+0
34.2750E+0	16.0000E+0	-20.8556E-3	125.0483E-3	166.7805E-3	19.3823E+0
34.4250E+0	17.0000E+0	31.2196E-3	13.6399E-3	-2.2888E+0	19.3883E+0
34.5750E+0	18.0000E+0	74.5219E-3	-40.7520E-3	1.8287E+0	19.4016E+0
34.7250E+0	19.0000E+0	19.0542E-3	-51.6191E-3	369.1315E-3	19.4266E+0
34.8750E+0	20.0000E+0	-160.1583E-3	-40.6214E-3	-3.9427E+0	19.4108E+0
35.0250E+0	21.0000E+0	-67.4140E-3	-38.4083E-3	-1.7552E+0	19.4177E+0
35.1750E+0	22.0000E+0	29.4559E-3	-6.7212E-3	4.3825E+0	19.4176E+0
35.3250E+0	23.0000E+0	-12.7832E-3	94.2179E-3	135.6768E-3	19.4184E+0
35.4750E+0	24.0000E+0	-10.6227E-3	82.7839E-3	128.3179E-3	19.4066E+0
35.6250E+0	25.0000E+0	-98.4283E-3	4.9760E-3	19.7805E+0	19.4163E+0
35.7750E+0	26.0000E+0	-112.6296E-3	-101.2254E-3	-1.1127E+0	19.3974E+0
35.9250E+0	27.0000E+0	-15.8461E-3	30.3561E-3	522.0086E-3	19.3780E+0
36.0750E+0	28.0000E+0	25.3225E-3	12.8538E-3	-1.9700E+0	19.3720E+0
36.2250E+0	29.0000E+0	12.9898E-3	71.5882E-3	-181.4518E-3	19.3699E+0
36.3750E+0	30.0000E+0	-47.9882E-3	94.7688E-3	506.3716E-3	19.3664E+0
36.5250E+0	31.0000E+0	-98.1615E-3	113.4477E-3	865.2574E-3	19.3591E+0
36.6750E+0	32.0000E+0	24.1115E-3	-64.6151E-3	373.1552E-3	19.3513E+0
36.8250E+0	33.0000E+0	24.2186E-3	15.9140E-3	-1.5218E+0	19.3462E+0
36.9750E+0	34.0000E+0	-37.3630E-3	85.5970E-3	436.4985E-3	19.3409E+0
37.1250E+0	35.0000E+0	-89.9637E-3	47.4683E-3	1.8952E+0	19.3518E+0
37.2750E+0	36.0000E+0	-62.6944E-3	15.2706E-3	4.1056E+0	19.3517E+0
37.4250E+0	37.0000E+0	92.8515E-3	81.1925E-3	-1.1436E+0	19.3646E+0
37.5750E+0	38.0000E+0	86.6165E-3	131.2934E-3	-659.7175E-3	19.3664E+0
37.7250E+0	39.0000E+0	95.8818E-3	17.7732E-3	-5.3947E+0	19.3718E+0
37.8750E+0	40.0000E+0	-1.0669E-3	72.1350E-3	14.7899E-3	19.3717E+0
38.0250E+0	41.0000E+0	-102.0516E-3	153.0597E-3	666.7437E-3	19.3711E+0
38.1750E+0	42.0000E+0	-21.1195E-3	111.8748E-3	188.7782E-3	19.3737E+0
38.3250E+0	43.0000E+0	14.8489E-3	-5.9637E-3	2.4899E+0	19.3768E+0
38.4750E+0	44.0000E+0	-48.8323E-3	17.9250E-3	2.7243E+0	19.3868E+0
38.6250E+0	45.0000E+0	33.1158E-3	48.4292E-3	-683.7968E-3	19.3924E+0
38.7750E+0	46.0000E+0	2.6663E-3	-2.2456E-3	1.1873E+0	19.4018E+0
38.9250E+0	47.0000E+0	-28.7707E-3	78.0351E-3	368.6885E-3	19.4192E+0
39.0750E+0	48.0000E+0	-57.1045E-3	66.8842E-3	853.7809E-3	19.4295E+0
39.2250E+0	49.0000E+0	14.6899E-3	-4.3763E-3	3.3567E+0	19.4093E+0
39.3750E+0	50.0000E+0	-38.3270E-3	94.2733E-3	406.5520E-3	19.3917E+0
39.5250E+0	51.0000E+0	-94.9147E-3	31.0872E-3	3.0532E+0	19.4180E+0
39.6750E+0	52.0000E+0	-79.8099E-3	10.9570E-3	7.2839E+0	19.4336E+0
39.8250E+0	53.0000E+0	-24.3652E-3	15.4235E-3	1.5798E+0	19.4209E+0
39.9750E+0	54.0000E+0	34.8542E-3	67.0644E-3	-519.7131E-3	19.4202E+0
40.1250E+0	55.0000E+0	33.6743E-3	90.8596E-3	-370.6193E-3	19.4185E+0
40.2750E+0	56.0000E+0	-45.0758E-3	7.8033E-3	5.7765E+0	19.4163E+0
40.4250E+0	57.0000E+0	-43.5714E-3	-40.0223E-3	-1.0887E+0	19.4194E+0
40.5750E+0	58.0000E+0	-107.7504E-3	30.9325E-3	3.4834E+0	19.4180E+0
40.7250E+0	59.0000E+0	-96.6923E-3	16.8569E-3	5.7361E+0	19.4152E+0
40.8750E+0	60.0000E+0	-33.3029E-3	16.5120E-3	2.0169E+0	19.4167E+0
41.0250E+0	61.0000E+0	-65.8950E-3	-28.3287E-3	-2.3261E+0	19.4191E+0
41.1750E+0	62.0000E+0	-47.6593E-3	-3.2597E-3	-14.6206E+0	19.4056E+0
41.3250E+0	63.0000E+0	-107.7514E-3	-1.9182E-3	-56.1734E+0	19.3984E+0
41.4750E+0	64.0000E+0	-11.2073E-3	-23.0602E-3	-486.0017E-3	19.4034E+0
41.6250E+0	65.0000E+0	-2.8150E-3	-10.7662E-3	-261.4677E-3	19.4004E+0
41.7750E+0	66.0000E+0	-20.9331E-3	27.4052E-3	763.8370E-3	19.4056E+0
41.9250E+0	67.0000E+0	-42.9119E-3	7.0088E-3	6.1226E+0	19.4017E+0
42.0750E+0	68.0000E+0	-83.7346E-3	26.7976E-3	3.1247E+0	19.4087E+0
42.2250E+0	69.0000E+0	-40.9561E-3	54.6249E-3	749.7706E-3	19.3963E+0
42.3750E+0	70.0000E+0	-27.7259E-3	160.3619E-3	172.8961E-3	19.3957E+0
42.5250E+0	71.0000E+0	-68.4161E-3	-6.5846E-3	-10.3903E+0	19.3995E+0
42.6750E+0	72.0000E+0	29.5794E-3	55.6689E-3	-531.3450E-3	19.4015E+0
42.8250E+0	73.0000E+0	19.9993E-3	16.7467E-3	-1.1942E+0	19.4092E+0
42.9750E+0	74.0000E+0	-34.3883E-3	-44.2913E-3	-776.4106E-3	19.4091E+0
43.1250E+0	75.0000E+0	-8.6711E-3	116.0505E-3	74.7182E-3	19.4225E+0
43.2750E+0	76.0000E+0	-34.8891E-3	45.8242E-3	761.3690E-3	19.4182E+0
43.4250E+0	77.0000E+0	-21.1975E-3	32.6361E-3	649.5102E-3	19.4179E+0
43.5750E+0	78.0000E+0	1.7581E-3	-3.3660E-3	522.3161E-3	19.4247E+0
43.7250E+0	79.0000E+0	12.0716E-3	-43.3609E-3	278.3991E-3	19.4365E+0
43.8750E+0	80.0000E+0	3.7816E-3	91.3153E-3	-41.4122E-3	19.4369E+0
44.0250E+0	81.0000E+0	21.0057E-3	9.0648E-3	-2.3173E+0	19.4392E+0
